  6.6088280e+000	
  7.0022700e+000	
  7.0635490e+000	
  6.8787736e+000	
  6.2333043e+000	
  6.2209219e+000	
  6.3830795e+000	
  6.6105049e+000	
  6.4627235e+000	
  6.6037858e+000	
  6.9920670e+000	
  6.5419046e+000	
  7.0904095e+000	
  6.8089701e+000	
  7.1019570e+000	
  7.0068136e+000	
  6.6607638e+000	
  6.8261736e+000	
  6.6604168e+000	
  7.5734150e+000	
  6.3603726e+000	
  6.1502007e+000	
  6.2554586e+000	
  7.1030263e+000	
  6.8556065e+000	
  7.3155780e+000	
  6.9819887e+000	
  7.2523125e+000	
  7.0183829e+000	
  6.9373864e+000	
  7.0228198e+000	
  6.8880050e+000	
  6.8719958e+000	
  6.8730839e+000	
  6.8900703e+000	
  6.5595780e+000	
  6.8239008e+000	
  6.9576656e+000	
  7.3545316e+000	
  6.8921172e+000	
  6.8965252e+000	
  6.9685359e+000	
  6.9111813e+000	
  7.5741386e+000	
  6.9857766e+000	
  7.2058735e+000	
  7.0626724e+000	
  7.0751271e+000	
  7.2278769e+000	
  7.2495630e+000	
  7.1659362e+000	
  6.8847055e+000	
  6.9877887e+000	
  7.2008008e+000	
  7.3290245e+000	
  7.4967433e+000	
  7.0924916e+000	
  7.1386218e+000	
  6.3821810e+000	
  6.8312133e+000	
  7.0326766e+000	
  6.6674048e+000	
  8.4368029e+000	
  7.1329638e+000	
  7.7411232e+000	
  8.0130521e+000	
  6.4901228e+000	
  6.9660421e+000	
  6.9425906e+000	
  7.2218526e+000	
  7.0788369e+000	
  6.8705636e+000	
  7.3366751e+000	
  7.2183959e+000	
  6.7699489e+000	
  7.1298344e+000	
  7.0505664e+000	
  7.1956737e+000	
  6.5862529e+000	
  6.7215353e+000	
  6.2954325e+000	
  6.9976705e+000	
  7.0423568e+000	
  7.3458486e+000	
  6.8539042e+000	
  6.9201121e+000	
  7.1419973e+000	
  7.1026463e+000	
  7.0324925e+000	
  6.9502814e+000	
  6.9223487e+000	
  6.7536237e+000	
  6.7174098e+000	
  8.0095841e+000	
  7.3572105e+000	
  8.0263745e+000	
  7.5454877e+000	
  7.7302126e+000	
  7.5020684e+000	
  7.8564711e+000	
  7.2263875e+000	
  7.9004452e+000	
  7.6527051e+000	
  8.3795296e+000	
  7.7218837e+000	
  7.7976803e+000	
  7.1619868e+000	
  7.7945455e+000	
  7.5248955e+000	
  7.4541725e+000	
  7.1270681e+000	
  8.0886534e+000	
  7.6597780e+000	
  7.3985102e+000	
  7.9802728e+000	
  7.1756148e+000	
  7.2849212e+000	
