  4.9347000e+001	
  4.4945000e+001	
  4.2678000e+001	
  5.6840000e+000	
  6.7680000e+000	
  4.4320000e+001	
  4.6686000e+001	
  4.9051000e+001	
  4.2908000e+001	
  4.3893000e+001	
  4.3236000e+001	
  4.0444000e+001	
  2.1454000e+001	
  7.9180000e+000	
  5.9992000e+001	
  1.1170000e+000	
  5.1910000e+000	
  7.0310000e+000	
  5.9100000e-001	
  1.1203000e+001	
  1.5803000e+001	
  1.9154000e+001	
  2.3162000e+001	
  2.5101000e+001	
  1.0842000e+001	
  2.1585000e+001	
  6.6431000e+001	
  2.7039000e+001	
  1.3470000e+000	
  9.9550000e+000	
  1.6131000e+001	
  6.8172000e+001	
  2.0862000e+001	
  2.2439000e+001	
  7.0310000e+000	
  9.6690000e+001	
  7.9146000e+001	
  1.0822200e+002	
  1.0316200e+002	
  9.8398000e+001	
  2.7597540e+000	
  8.7392200e+000	
  1.7281314e+001	
  5.2960986e+001	
  1.0710472e+002	
  9.2188912e+001	
  8.4369610e+001	
  3.1375770e+001	
  5.1778234e+001	
  8.1281314e+001	
  7.1227926e+001	
  6.1503080e+001	
  5.6279261e+001	
  3.7716632e+001	
  5.0858316e+001	
  4.7540041e+001	
  4.4944559e+001	
  3.9425051e+001	
  4.5043000e+001	
  4.3762000e+001	
  4.2908000e+001	
  7.5600000e-001	
  4.4517000e+001	
  4.2842000e+001	
  4.3565000e+001	
  4.1561000e+001	
  3.6238000e+001	
  1.4029000e+001	
  7.4910000e+000	
  1.6854000e+001	
  4.5963000e+001	
  6.1142000e+001	
  3.1179000e+001	
  3.7881000e+001	
  2.4115000e+001	
  2.5692000e+001	
  2.0402000e+001	
  1.1006000e+001	
  1.5671000e+001	
  6.2420000e+000	
  2.4772000e+001	
  3.8275000e+001	
  4.7640000e+000	
  7.5203000e+001	
  8.6374000e+001	
  9.4719000e+001	
  8.8049000e+001	
  1.4968400e+002	
  1.2093600e+002	
  8.9232000e+001	
  3.6567000e+001	
  1.0516600e+002	
  1.2681700e+002	
  8.1806980e+000	
  8.3778230e+000	
  2.0993840e+001	
  3.7782340e+000	
  8.4435320e+000	
  3.8110880e+000	
  7.7864480e+000	
  1.5507187e+001	
  1.0326078e+002	
  7.2607803e+001	
  7.1457906e+001	
  5.9761807e+001	
  6.1601643e+001	
  5.4472279e+001	
  2.6513347e+001	
  4.4911704e+001	
  4.7934292e+001	
  4.5864476e+001	
  4.4418891e+001	
  3.9983573e+001	
  4.1363450e+001	
  3.9162218e+001	
  4.0016427e+001	
  4.0739220e+001	
